robot_name: "jaco"

# Failsafe information
max_s_stop: 0.2
q_min_allowed: [-6.28319, 0.820305, -6.28319, 0.523599, -6.28319, 1.13446, -6.28319]
q_max_allowed: [6.28319, 5.46288, 6.28319, 5.75959, 6.28319, 5.14872, 6.28319]
v_max_allowed: [1.0, 1.0, 1.0, 1.0, 1.0, 1.0, 1.0]
a_max_allowed: [10, 10, 10, 10, 10, 10, 10]
j_max_allowed: [400, 400, 400, 400, 400, 400, 400]
# Maximum long-term planning acc / jerk
a_max_ltt: [2, 2, 2, 2, 2, 2, 2]
j_max_ltt: [15, 15, 15, 15, 15, 15, 15]

nb_joints: 7

q1: [0.0]
q2: [0.0]
q3: [0.0]
q4: [0.0]
q5: [0.0]
q6: [0.0]
q7: [0.0]

alpha_i_max: 5.0

# safety-rated speed specified by iso-norm
v_safe: 0.05

# APPROXIMATE == 0
# EXACT == 1
velocity_method: 0

# interval of time step depending on sampling time
reachability_sets_interval_size: 5